1 1 34.8374 0.145156033834 [ 27.25349998  29.44406128  49.70118332  43.22875977  23.69467545
  26.52800369  29.05937958  36.83620834  43.79384613  38.81643677]
1 2 35.2031 0.291835721334 [ 48.74911499  38.7598114   40.60494614  22.20865631  42.29515076
  34.18981934  21.00665665  37.692173    31.26385117  35.22773361]
1 3 38.5284 0.452370754878 [ 31.1171875   42.47947693  43.43830872  24.54252625  37.41530991
  51.83356857  40.4850502   28.51233673  33.00946426  52.43153   ]
1 4 39.0439 0.615053844452 [ 47.83581924  42.42052078  31.09470367  38.28898239  58.98203278
  39.40705109  35.89593506  34.20920563  38.87044907  23.41776276]
1 5 45.2037 0.803402709961 [ 41.27677155  28.36260986  28.8509407   53.85109329  60.11030197
  38.67912292  47.86423111  31.14681625  65.67571259  56.20051193]
1 6 37.8636 0.961167558034 [ 23.78043556  36.90891266  24.51359749  37.37900162  76.16853333
  27.69933891  56.90930557  27.75540543  38.83057404  28.67676163]
1 7 28.7984 1.08116107782 [ 42.81530762  40.97172165  23.42419243  26.85946274  22.15034103
  28.73701477  26.42653656  24.8263588   18.91256714  32.84025955]
1 8 31.7935 1.21363407771 [ 53.45520782  41.43894577  26.0307579   37.24551392  22.25980759
  35.05854034  24.7611866   25.60425568  22.61369896  29.45299339]
1 9 29.0405 1.33463625113 [ 26.18003845  31.6171093   26.59217644  45.58881378  13.32031441
  20.13319016  24.60427475  27.83040237  40.22822952  34.2954483 ]
1 10 34.4803 1.47830429872 [ 23.96712112  45.11167526  32.47203445  37.23868561  39.13555145
  34.46352386  28.32714081  27.6084137   40.6101532   35.85190582]
2 11 34.8527 0.145219580332 [ 27.2050209   29.44971085  49.76988602  43.25162506  23.77957344
  26.51292038  29.08975601  36.9072876   43.77731705  38.77041245]
2 12 35.1678 0.291752052307 [ 48.72717285  38.88262939  40.62653351  22.3071804   42.30030823
  34.18987274  20.89620209  37.48456955  31.18940926  35.05088043]
2 13 38.488 0.452118523916 [ 31.00918007  42.41873169  43.2618866   24.50405121  37.3272934
  51.67239761  40.54323578  28.62803078  33.1005249   52.40185165]
2 14 39.0644 0.614886983236 [ 47.94184875  42.46569443  31.09384918  38.30595779  58.98352814
  39.18553925  35.8808136   34.33370972  39.01697922  23.42634583]
2 15 45.1459 0.802995061874 [ 41.25291824  28.39759827  28.82775116  53.66613007  60.03628922
  38.54982758  47.8646965   31.10775375  65.59745789  56.14661026]
2 16 37.8799 0.960827922821 [ 23.90423584  36.76148987  24.56434822  37.37203598  76.07846069
  27.83301353  56.99452972  27.71923637  38.87398529  28.68847275]
2 17 28.7561 1.0806450367 [ 42.68637848  40.84674072  23.41874123  26.84648323  22.19952011
  28.5510788   26.53657722  24.77291489  18.97167397  32.71648407]
2 18 31.7454 1.21291755835 [ 53.16921616  41.5165062   25.81084061  37.24339676  22.18045425
  34.98430252  24.85142899  25.7630043   22.57767487  29.34762573]
2 19 29.0052 1.33377274672 [ 26.12212944  31.6101799   26.60861397  45.46237946  13.31191635
  20.19643021  24.45440102  27.59550095  40.26520538  34.41450882]
2 20 34.4457 1.47729656696 [ 23.8266468   45.15626907  32.51736832  37.09228134  38.6163559
  34.48879242  28.59943771  27.50582695  40.6035347   36.03874969]
3 21 34.865 0.145270760854 [ 27.38992691  29.36165047  49.71819687  43.35871124  23.75720978
  26.56075096  29.13533401  37.03703308  43.62563324  38.69388199]
3 22 35.2334 0.292076714834 [ 48.77339172  38.91918564  40.60917282  22.32055473  42.50652695
  34.16529846  21.04493523  37.54568863  31.30854797  35.12275314]
3 23 38.4909 0.452455488841 [ 31.15283203  42.37188339  43.27722549  24.61224365  37.42515182
  51.70259476  40.5223732   28.55420303  32.87326813  52.40809631]
3 24 39.0235 0.615053367615 [ 47.80642319  42.35228348  31.36752319  37.99923325  58.95334244
  39.14051819  35.87664795  34.24281311  39.02323151  23.46590424]
3 25 45.1658 0.803244272868 [ 41.2979126   28.4231987   28.83138657  53.5979805   60.04537201
  38.75737762  47.96485519  31.08582306  65.50948334  56.13562775]
3 26 37.8286 0.960863606135 [ 23.52067375  36.7051506   24.53380966  37.34021378  76.19044495
  27.78147888  56.89944839  27.78806305  38.92160797  28.59821892]
3 27 28.7746 1.08075790405 [ 42.61299133  40.79862213  23.40636444  26.8085556   22.37996101
  28.67675781  26.55698967  24.89515495  18.9753952   32.62418747]
3 28 31.7141 1.21290001869 [ 53.25540543  41.50212479  25.92602921  37.34135056  22.30345154
  34.97244263  24.67891502  25.20882034  22.58359528  29.36140442]
3 29 29.0739 1.33404146036 [ 26.11852264  31.84268379  26.64651871  45.69869614  13.37446404
  20.38572121  24.38915443  27.72779274  40.07759094  34.46908951]
3 30 34.4502 1.47758406798 [ 23.93485069  45.01399231  32.44597244  37.12001038  38.95565796
  34.47013092  28.5549202   27.5513916   40.60154724  35.84412384]
4 31 34.8287 0.145119539897 [ 27.26137733  29.34851837  49.71627808  43.18535233  23.76568985
  26.61927223  29.09351921  36.80595779  43.75286484  38.72785187]
4 32 35.1869 0.291731595993 [ 48.62800598  38.81602859  40.439888    22.29725266  42.46533203
  34.05862427  21.06330109  37.7524147   31.31115341  35.0212326 ]
4 33 38.4739 0.452039670944 [ 31.07924271  42.42660522  43.32078171  24.68539429  37.43560791
  51.69192505  40.52157211  28.47455788  32.72611618  52.36978149]
4 34 39.0092 0.61457807223 [ 47.68279648  42.35143661  31.22774506  38.37271118  58.86038208
  39.18983459  35.83390427  34.35821533  38.80155945  23.40789413]
4 35 45.1168 0.802564922969 [ 41.15296936  28.27494431  28.78785324  53.6534462   60.12468719
  38.49808502  47.81394958  31.10037422  65.57227325  56.18225479]
4 36 37.8586 0.960309139887 [ 23.61700439  36.9192276   24.47405624  37.21187592  76.11523438
  27.90334892  56.98280334  27.7889595   38.84646225  28.72065926]
4 37 28.8095 1.08034861088 [ 42.66311264  40.76912689  23.48777771  26.79467773  22.53891945
  28.86371422  26.65661621  24.799366    18.88315582  32.62854767]
4 38 31.8316 1.21298048496 [ 53.38748932  41.72924423  26.14253998  37.09537506  22.48053741
  34.91516113  25.05954361  25.48488426  22.61378098  29.40102386]
4 39 29.0205 1.33389941057 [ 25.99390411  31.62488365  26.7735405   45.53625488  13.36488056
  20.183321    24.68598175  27.64082527  40.20466614  34.18891144]
4 40 34.4588 1.47747790813 [ 23.8651104   45.09663773  32.44986343  37.28073883  39.09852219
  34.43266296  28.5689106   27.55607033  40.56718445  35.66386032]
5 41 34.8694 0.145289166768 [ 27.37644577  29.31488419  49.75478363  43.23926544  23.70870018
  26.58218575  29.08067513  36.96957016  43.6852684   38.97256088]
5 42 35.1906 0.291916481654 [ 48.60508728  38.83525085  40.5556221   22.21855164  42.23339844
  34.14356995  21.18807411  37.62852859  31.31709862  35.1663208 ]
5 43 38.4856 0.452273289363 [ 31.15762711  42.46059799  43.1698494   24.51424026  37.30136108
  51.883564    40.55621719  28.42394447  32.90891647  52.47279358]
5 44 39.0473 0.614970382055 [ 47.72006607  42.42425919  31.21411133  38.07889175  59.23108673
  39.17897034  35.84078598  34.50661469  38.87653351  23.39636612]
5 45 45.1466 0.803081417084 [ 41.23736954  28.64591599  28.84506798  53.67264938  60.0654068
  38.49224854  47.79238892  31.10728073  65.56106567  56.04011917]
5 46 37.8662 0.960857089361 [ 23.5993042   36.7759819   24.52540779  37.37924194  76.22475433
  27.89713097  56.91718292  27.80696678  38.83720016  28.69207382]
5 47 28.7594 1.08068795204 [ 42.72211075  40.76611328  23.51061249  26.86511612  22.3172493   28.66889
  26.35658455  24.82682037  18.8569622   32.69480133]
5 48 31.8028 1.21319976648 [ 53.27411652  41.38787842  26.09294319  37.34819412  22.22548676
  34.93476105  24.92523956  25.84030533  22.71799469  29.27461243]
5 49 29.0131 1.33408757051 [ 26.16112518  31.69173431  26.61182785  45.47788239  13.20609283
  20.14655304  24.61514282  27.63171768  40.20578766  34.37511063]
5 50 34.3918 1.4773866574 [ 23.7095089   44.9805603   32.35939407  37.07400894  38.80858231
  34.52070618  28.45834351  27.50907135  40.61899185  35.87039566]
6 51 34.7696 0.144873301188 [ 27.16146469  29.31591988  49.68714523  43.18439484  23.62216949
  26.50545692  29.09438896  36.4691658   43.63321686  39.01296616]
6 52 35.172 0.29142332077 [ 48.70057678  38.7625618   40.44950867  22.33233261  42.37155533
  34.07974625  21.16420174  37.61296844  31.28307343  34.95032501]
6 53 38.4998 0.451839113235 [ 31.10809517  42.42068863  43.38829803  24.42665291  37.41513824
  51.9527626   40.57165146  28.39854431  33.00597382  52.30315018]
6 54 39.0192 0.614419253667 [ 47.72137833  42.44517517  30.94415283  38.14016724  58.87112427
  39.18028641  35.85122681  34.50440979  38.94153595  23.58757973]
6 55 45.153 0.802556912104 [ 41.28586578  28.40202141  28.7966404   53.7033844   59.96981049
  38.65517044  47.80996323  31.0673027   65.6008606   56.23278046]
6 56 37.7963 0.960041475296 [ 23.76656151  36.57172394  24.47729874  37.20182037  76.31800842
  27.69943237  56.88904572  27.82390213  38.78334427  28.42517281]
6 57 28.8051 1.08006291389 [ 42.654953    40.84270096  23.48430061  26.93357658  22.30968285
  28.67972946  26.68675613  24.83822632  18.92106438  32.69197083]
6 58 31.7653 1.21241850853 [ 53.24704742  41.52047348  25.98807526  37.43273163  22.23209763
  34.80696106  24.68124962  25.56459427  22.65827179  29.51459503]
6 59 28.9995 1.33324975967 [ 26.12257767  31.59859276  26.57975388  45.35864258  13.2079649
  20.29772568  24.86873436  27.60521698  39.98002243  34.367836  ]
6 60 34.3971 1.47657117844 [ 23.82581139  45.22677612  32.4348793   37.06001663  38.76989746
  34.51449966  28.36377716  27.49434662  40.59233093  35.68066788]
7 61 34.8754 0.145313962301 [ 27.43361664  29.39905167  49.63295746  43.14045715  23.72530174
  26.49933815  29.2551651   36.96110153  43.76400375  38.93269348]
7 62 35.1741 0.291872851054 [ 48.56018829  38.92391205  40.55755234  22.35287857  42.28865814
  34.18386078  20.95385933  37.65199661  31.14640999  35.10904312]
7 63 38.4749 0.452184772491 [ 31.13865662  42.44216919  43.28456879  24.47468567  37.34246063
  51.80224991  40.51576614  28.48828888  32.79527283  52.45757294]
7 64 38.9778 0.614592218399 [ 47.7624588   42.29382706  30.99357414  38.20129013  58.95591354
  39.24933624  35.81227112  34.26137543  38.87665558  23.36569977]
7 65 45.1469 0.802704207102 [ 41.16274261  28.46109581  28.81811333  53.59420776  60.11187744
  38.68723679  47.89345169  31.08301926  65.50165558  56.1487999 ]
7 66 37.8282 0.96032187144 [ 23.67882347  36.64387512  24.47300339  37.31908417  76.37554932
  27.90133095  56.97835541  27.61215401  38.73274231  28.56066322]
7 67 28.7658 1.08017929395 [ 42.6763649   40.69440842  23.46450806  26.73287582  22.23937988
  28.7003231   26.49403572  24.77734756  18.9484272   32.92181015]
7 68 31.7469 1.21245794296 [ 53.15060806  41.4175415   25.91810608  37.23564911  22.1374054
  35.01749039  24.84737015  25.67347145  22.64885139  29.4143486 ]
7 69 29.0106 1.33333544731 [ 26.1003933   31.63389587  26.44726562  45.46761322  13.25341129
  20.31534576  24.63552856  27.90293503  39.99370575  34.34769058]
7 70 34.4224 1.4767621994 [ 23.80107307  45.18753052  32.46694183  37.16110229  38.73625565
  34.42159271  28.50859261  27.49780464  40.55909729  35.87573624]
8 71 34.8893 0.145372231801 [ 27.37166977  29.39203835  49.70265579  43.10695648  23.75062752
  26.61039162  29.12597275  37.01889038  43.77484894  39.02921295]
8 72 35.1632 0.291885725657 [ 48.58613968  38.83415222  40.54333878  22.26175499  42.3995285
  34.12427521  21.02876091  37.47006989  31.29655457  35.0752182 ]
8 73 38.4808 0.452222410838 [ 31.13593864  42.41656876  43.2951889   24.47627258  37.38715363
  51.94714355  40.4752388   28.43698692  32.90011215  52.330513  ]
8 74 38.9981 0.614714654287 [ 47.82520294  42.35280228  31.12437248  38.25651169  59.0074234
  39.13948441  35.81253052  34.29535675  38.77983475  23.38238716]
8 75 45.0715 0.802512741089 [ 41.15187836  28.0777626   28.80241585  53.6457634   60.09076309
  38.64621735  47.64658356  31.08493423  65.60203552  55.96035385]
8 76 37.8652 0.960284614563 [ 23.75250244  36.73176575  24.55447769  37.24920273  76.26470947
  27.84203911  56.9136467   27.8423996   38.77264404  28.72217178]
8 77 28.7474 1.08006545703 [ 42.61280441  40.60890198  23.42045593  26.74601364  22.38683701
  28.5822773   26.61993408  24.77519226  18.79414177  32.91914749]
8 78 31.7411 1.21232003371 [ 53.04550552  41.57370377  26.02335358  37.20461273  22.17651749
  35.04492569  24.75330162  25.6402874   22.63038254  29.31000137]
8 79 28.9912 1.33311657111 [ 26.20412445  31.67551041  26.59087944  45.57209778  13.2007618
  20.1985321   24.59111404  27.54250908  40.17293167  34.15474319]
8 80 34.4411 1.47662112713 [ 23.69722557  45.06801605  32.37251663  37.40002441  38.92235565
  34.39824295  28.50853348  27.53292847  40.59144592  35.91078949]
9 81 34.8083 0.145034599304 [ 27.3433075   29.28151321  49.56373215  43.1438179   23.67045975
  26.55195618  29.07421303  36.92973709  43.52662659  38.98727417]
9 82 35.1913 0.291665204366 [ 48.55310059  38.87382507  40.58678055  22.28342438  42.45526886
  34.12179947  21.20167923  37.58150864  31.23877716  35.00482941]
9 83 38.4165 0.451734097799 [ 31.02296448  42.4390564   43.15870667  24.51812363  37.32884216
  51.76300812  40.51774597  28.41781616  32.6084137   52.38365173]
9 84 38.9802 0.614151573181 [ 47.75969315  42.27345276  31.1967926   38.04392242  58.88264465
  39.40243912  35.80775833  34.24033356  38.80394745  23.38537788]
9 85 45.1268 0.802180051804 [ 41.13527298  28.42542839  28.76424408  53.59025192  60.16049957
  38.73997879  47.78349304  31.03087616  65.50048065  56.13085175]
9 86 37.779 0.959592723846 [ 23.75826645  36.67937469  24.4743309   37.18727875  76.09336853
  27.8408165   56.81037903  27.67839813  38.81747818  28.4435463 ]
9 87 28.7624 1.07943615913 [ 42.72016907  40.75574493  23.35217667  26.76877022  22.45968246
  28.65431213  26.56378555  24.78105736  18.8240242   32.73627472]
9 88 31.6798 1.21143541336 [ 53.06480408  41.55781555  25.81657982  37.12621689  22.20886612
  34.99956512  24.66567421  25.38918686  22.57366562  29.38725853]
9 89 28.9666 1.33212970098 [ 26.11946106  31.65603638  26.58266068  45.51185226  13.31487083
  20.251894    24.49822807  27.63679314  39.97195053  34.11388016]
9 90 34.3856 1.47540305456 [ 23.65503311  45.0747757   32.29955673  37.21947098  38.81560516
  34.42175674  28.65496826  27.48368263  40.51766968  35.70452881]
10 91 34.7735 0.144889545441 [ 27.27206421  29.39673042  49.76711273  43.13876343  23.60226822
  26.55468559  29.08283234  36.78634644  43.4989624   38.62488937]
10 92 35.177 0.291460355123 [ 48.6561203   38.77376175  40.52079773  22.28447914  42.27581787
  34.04308701  21.07167053  37.6648941   31.30114174  35.16625977]
10 93 38.4384 0.451620562871 [ 31.13901711  42.38321686  43.25653458  24.57386017  37.2628479
  51.59989166  40.45124817  28.43235397  32.93773651  52.34097672]
10 94 38.9863 0.61406343778 [ 47.96082687  42.27741241  31.14393425  38.02388     58.96295166
  39.23412704  35.78734589  34.44692993  38.68791199  23.33198357]
10 95 45.1258 0.802087608973 [ 41.14857483  28.59050369  28.79502869  53.6682663   60.01031494
  38.48839569  47.87074661  31.1297245   65.46714783  56.08194351]
10 96 37.8111 0.959633922577 [ 23.53133392  36.81468964  24.57465553  37.08805466  76.13401794
  27.88630295  56.92100525  27.79682922  38.74663544  28.6103878 ]
10 97 28.739 1.07937955856 [ 42.60647202  40.70013428  23.31256485  26.83475494  22.4014473
  28.60282707  26.64554214  24.76999474  18.93367958  32.57413864]
10 98 31.8235 1.21197755337 [ 53.34207916  41.79873657  26.26436615  37.26472473  22.26807404
  34.8971138   24.71607971  25.68260765  22.62877655  29.36406708]
10 99 28.9876 1.33275911808 [ 26.08301735  31.51447678  26.66447449  45.3662262   13.19247723
  20.12406158  24.57017708  27.81698799  40.06954956  34.4654541 ]
10 100 34.4193 1.47617301146 [ 23.65380669  45.06058502  32.27930069  37.38351822  39.03562164
  34.37273788  28.24099922  27.56614494  40.57223511  36.01925659]
