1 1 1925.86 8.02440490723 1925.86 [ 0.00207046  0.00121403  0.00099972  0.00031835  0.00075081  0.00151926
  0.0039694   0.00185448  0.00129291  0.00441107]
1 2 1961.9 16.1989725749 1961.89 [ 0.00271684  0.01268786  0.00227118  0.00023222  0.00459921  0.0024125
  0.00151181  0.00190538  0.00336578  0.00230387]
1 3 2284.0 25.7156494141 2284.0 [ 0.00269812  0.00150689  0.00248295  0.00395638  0.00110793  0.00054401
  0.00137365  0.00144526  0.00136     0.0037145 ]
1 4 2379.18 35.628910319 2379.18 [ 0.00160557  0.00137296  0.00132895  0.00052491  0.00166956  0.00169766
  0.00094366  0.00516215  0.00153625  0.0036872 ]
1 5 3461.88 50.053414917 3461.88 [ 0.00135475  0.00272548  0.00201455  0.00324035  0.00078422  0.00489086
  0.00319025  0.00042057  0.00040513  0.00246891]
1 6 2818.6 61.797571818 2818.6 [ 0.00505248  0.00240481  0.00071183  0.00166786  0.00028601  0.00063932
  0.00106284  0.00258467  0.00105983  0.00175875]
1 7 1270.23 67.0901850382 1270.22 [ 0.00555772  0.00155196  0.00247115  0.00037485  0.00093198  0.00256079
  0.00231618  0.00330493  0.00215855  0.00301209]
1 8 1625.53 73.863230896 1625.53 [ 0.00066322  0.00124457  0.00388831  0.00411963  0.00229022  0.0016807
  0.00163981  0.00090662  0.0004313   0.00189909]
1 9 1362.67 79.5410171509 1362.67 [ 0.00263384  0.00148627  0.00083938  0.00110027  0.00209337  0.00476068
  0.00056496  0.00136232  0.00321728  0.00041729]
1 10 1795.65 87.0229003906 1795.65 [ 0.00074834  0.00145277  0.00370198  0.00032657  0.00171685  0.00283548
  0.00209019  0.00153187  0.00587291  0.00412601]
2 11 1924.92 8.02049458822 1924.92 [ 0.0019803   0.00138947  0.00108147  0.00036609  0.00080439  0.00173464
  0.00341219  0.00183776  0.00135359  0.00375649]
2 12 1960.86 16.1907440186 1960.86 [ 0.00228986  0.01359493  0.00211278  0.00022039  0.00464585  0.00269419
  0.0011149   0.00185272  0.00279868  0.00254005]
2 13 2286.92 25.7195800781 2286.92 [ 0.00227448  0.00143218  0.00283119  0.0042406   0.00100783  0.00031886
  0.00143212  0.00161415  0.00144735  0.00420809]
2 14 2375.78 35.6186645508 2375.78 [ 0.00212434  0.00175714  0.00121343  0.00057575  0.00211459  0.00221449
  0.00097755  0.00604093  0.00176504  0.00418478]
2 15 3466.96 50.0643127441 3466.95 [ 0.00115445  0.00220138  0.00198254  0.00357834  0.00074708  0.00589201
  0.00429359  0.00039053  0.00037566  0.00296399]
2 16 2819.5 61.8122365316 2819.5 [ 0.00518817  0.00254202  0.00075895  0.00219774  0.00042528  0.00076017
  0.00139061  0.00252533  0.00121567  0.00197375]
2 17 1271.16 67.1087351481 1271.16 [ 0.00551614  0.00211143  0.00252408  0.00037956  0.00080401  0.00226024
  0.00302091  0.00353262  0.00220329  0.00316861]
2 18 1627.85 73.8914352417 1627.85 [ 0.00084046  0.00110349  0.00393248  0.00503036  0.00260499  0.0020296
  0.00155544  0.00101051  0.00039381  0.00209761]
2 19 1362.79 79.5697311401 1362.79 [ 0.00230718  0.00148565  0.00078306  0.00114563  0.00247797  0.0045405
  0.0005734   0.00124562  0.00328854  0.00038424]
2 20 1797.17 87.0579569499 1797.17 [ 0.00092682  0.00136378  0.00407052  0.00033477  0.0013406   0.00273192
  0.00193641  0.00169691  0.00591677  0.00402078]
3 21 1923.69 8.01538289388 1923.69 [ 0.00207785  0.00156656  0.00125688  0.00053099  0.00069422  0.00174469
  0.003355    0.00198552  0.00160182  0.00357085]
3 22 1957.28 16.1707300822 1957.28 [ 0.0022555   0.01459229  0.00201082  0.00022981  0.0050399   0.00309271
  0.0009456   0.00181857  0.00232118  0.0028429 ]
3 23 2285.3 25.6928003947 2285.29 [ 0.00224701  0.00153777  0.00319365  0.00480744  0.00091454  0.00030792
  0.00163135  0.0019199   0.00181165  0.00460187]
3 24 2378.22 35.6020441691 2378.22 [ 0.00261849  0.0023247   0.00131267  0.00066364  0.00267902  0.00302997
  0.0011619   0.00659186  0.00205392  0.00459182]
3 25 3463.45 50.0330917358 3463.45 [ 0.00104243  0.00190747  0.00185555  0.00363007  0.00063324  0.00710329
  0.0051744   0.00042859  0.00043324  0.00350863]
3 26 2821.43 61.7890609741 2821.43 [ 0.0055618   0.00244886  0.00083733  0.00272363  0.00063065  0.00113076
  0.00221267  0.00247616  0.00153354  0.00218886]
3 27 1270.55 67.0830388387 1270.55 [ 0.00575182  0.00277907  0.002841    0.00046521  0.00077897  0.00212103
  0.0039888   0.00397584  0.00228047  0.00362697]
3 28 1628.38 73.8679753621 1628.38 [ 0.00107178  0.00120547  0.00421527  0.00615862  0.00307059  0.00249875
  0.00175044  0.00105628  0.00041699  0.00230926]
3 29 1361.18 79.5395441691 1361.17 [ 0.00197098  0.00168079  0.00084856  0.00113234  0.00297889  0.00448164
  0.00067428  0.00118753  0.0037584   0.00043523]
3 30 1797.21 87.0279098511 1797.21 [ 0.00133413  0.00141972  0.00465298  0.00039399  0.00110367  0.00302443
  0.00186104  0.0020915   0.00646386  0.00409916]
4 31 1923.72 8.01548207601 1923.71 [ 0.00236449  0.00189477  0.00149411  0.00070316  0.00057244  0.0017024
  0.00344363  0.00218162  0.00202084  0.00366086]
4 32 1960.94 16.1860824585 1960.94 [ 0.00240988  0.01624972  0.00205433  0.00030065  0.00573367  0.00365433
  0.00092345  0.00184956  0.00190184  0.00351557]
4 33 2285.48 25.7089035034 2285.47 [ 0.00230277  0.00184518  0.00382492  0.00572452  0.00090906  0.00045297
  0.00207204  0.00241631  0.0022814   0.00522077]
4 34 2377.12 35.6135869344 2377.12 [ 0.00344619  0.00329262  0.00152358  0.00090942  0.00355351  0.00411659
  0.0014452   0.00734589  0.00254351  0.00518829]
4 35 3463.7 50.0456893921 3463.7 [ 0.0010148   0.00166994  0.00176111  0.00413716  0.00058493  0.00863594
  0.00641233  0.00061086  0.00055867  0.00453115]
4 36 2816.7 61.7819320679 2816.7 [ 0.00626937  0.00271431  0.00096896  0.00341606  0.00081512  0.00175306
  0.00302795  0.00270423  0.00191084  0.0027374 ]
4 37 1268.26 67.0663630168 1268.26 [ 0.00605616  0.00355271  0.00350732  0.00062799  0.00083476  0.00221175
  0.00524506  0.00467342  0.00243706  0.0043481 ]
4 38 1624.68 73.8358525594 1624.67 [ 0.00136808  0.00153637  0.00478917  0.00771806  0.00378969  0.00321645
  0.00221914  0.00123033  0.00056049  0.00265855]
4 39 1362.48 79.51284434 1362.48 [ 0.00191858  0.00203285  0.00104091  0.00122601  0.00361696  0.00461045
  0.00083762  0.00127017  0.00467715  0.00063655]
4 40 1795.23 86.9929601034 1795.22 [ 0.00186831  0.00175729  0.00546458  0.00053936  0.00118753  0.00332063
  0.00201845  0.00245589  0.0072079   0.00439695]
5 41 1922.29 8.00955301921 1922.29 [ 0.00275052  0.0022006   0.00152913  0.00092643  0.00055143  0.00174406
  0.00363904  0.00240976  0.00264153  0.00375021]
5 42 1959.1 16.1724721273 1959.1 [ 0.00278333  0.0181601   0.00238007  0.0004164   0.0066632   0.00441623
  0.00096834  0.00194815  0.00169232  0.00439933]
5 43 2282.54 25.6830678304 2282.54 [ 0.00251073  0.00220308  0.00482473  0.00682372  0.00102678  0.00067136
  0.00263026  0.00302038  0.00281262  0.00634393]
5 44 2376.52 35.5852508545 2376.52 [ 0.00468796  0.00431591  0.00169507  0.00130489  0.00476688  0.00546649
  0.00180259  0.00830379  0.00308222  0.00611663]
5 45 3463.62 50.0170013428 3463.62 [ 0.0010004   0.00147066  0.00178835  0.00483799  0.00058141  0.01019251
  0.00819516  0.00095347  0.00073901  0.00597659]
5 46 2814.59 61.7444651286 2814.59 [ 0.00685602  0.00325498  0.0011296   0.00417101  0.00104108  0.00248986
  0.00393781  0.00315663  0.0023748   0.00320178]
5 47 1269.44 67.033799235 1269.44 [ 0.0066576   0.00422511  0.00420985  0.00082529  0.00092444  0.00251713
  0.00650784  0.00542977  0.00262865  0.00522029]
5 48 1624.42 73.8022247314 1624.42 [ 0.00166228  0.00203586  0.00528729  0.00965703  0.00459272  0.00416347
  0.00272381  0.00139743  0.00081193  0.00318411]
5 49 1361.6 79.4755772909 1361.6 [ 0.00202024  0.00237751  0.00140575  0.00138643  0.00429648  0.00487399
  0.00106314  0.00140813  0.00572172  0.00088057]
5 50 1797.38 86.9646428426 1797.37 [ 0.00242722  0.00217214  0.00631782  0.00075513  0.00143969  0.00363767
  0.00222623  0.00288266  0.00794742  0.00465396]
6 51 1926.08 8.02535298665 1926.08 [ 0.00310549  0.00236526  0.00161487  0.0011763   0.00059116  0.00178495
  0.00396043  0.0026665   0.00326926  0.00376981]
6 52 1959.36 16.1893544515 1959.36 [ 0.00320905  0.01993194  0.00255227  0.0005466   0.00731224  0.00508714
  0.0011186   0.00212914  0.00155875  0.00547263]
6 53 2281.83 25.6969960531 2281.83 [ 0.00283596  0.00271204  0.00626248  0.00812274  0.00119027  0.00087872
  0.00321338  0.00359562  0.00341222  0.00741813]
6 54 2376.42 35.5987609863 2376.42 [ 0.00650313  0.00474116  0.00187147  0.00198942  0.00583133  0.00712454
  0.002206    0.00932488  0.00372541  0.00729203]
6 55 3461.78 50.0228291829 3461.77 [ 0.00108305  0.00146145  0.00189021  0.00617129  0.00072759  0.01227888
  0.01003438  0.00139785  0.0011923   0.00807944]
6 56 2818.06 61.7647369385 2818.05 [ 0.0075956   0.00377703  0.00127456  0.00511861  0.00129965  0.00340971
  0.00519541  0.00379938  0.00293013  0.00379142]
6 57 1268.42 67.0498331706 1268.42 [ 0.00805357  0.00506997  0.00490034  0.00106153  0.00107643  0.00293612
  0.00823924  0.00644967  0.0029816   0.00648361]
6 58 1624.24 73.8175064087 1624.24 [ 0.00207576  0.00276229  0.00605103  0.01180792  0.00560996  0.00552735
  0.00333637  0.001535    0.00126278  0.00368813]
6 59 1363.04 79.496820577 1363.03 [ 0.00234422  0.0029158   0.00188878  0.00157109  0.00514865  0.00498092
  0.00137827  0.0018208   0.00713485  0.00132355]
6 60 1796.39 86.98177948 1796.39 [ 0.00323915  0.00279588  0.00729877  0.00103226  0.00190848  0.00412929
  0.00250083  0.00336844  0.00951806  0.00520661]
7 61 1921.55 8.00645090739 1921.55 [ 0.00350598  0.00254875  0.00178683  0.00156179  0.00079906  0.00204355
  0.00430277  0.00293407  0.00399116  0.00389802]
7 62 1958.78 16.1680475871 1958.78 [ 0.00366494  0.02221718  0.00303322  0.00073421  0.0080699   0.00590041
  0.00127032  0.00238127  0.0015105   0.00706449]
7 63 2281.38 25.6738062541 2281.38 [ 0.00335881  0.00328803  0.00795278  0.00989255  0.00137311  0.00121459
  0.00393039  0.0043802   0.00426334  0.00962517]
7 64 2375.87 35.5732732137 2375.87 [ 0.00906709  0.00554842  0.00211519  0.00298771  0.00709212  0.00912207
  0.0026626   0.01059115  0.00452262  0.00843373]
7 65 3461.99 49.9982304891 3461.98 [ 0.00119278  0.00146538  0.0020588   0.00735506  0.00085771  0.01500013
  0.01238811  0.0020493   0.00156328  0.01007509]
7 66 2816.88 61.7352289836 2816.87 [ 0.00849009  0.00433105  0.00151572  0.00635365  0.00163388  0.00468546
  0.00682503  0.00470373  0.0036062   0.00487179]
7 67 1269.63 67.025348409 1269.62 [ 0.00882834  0.00597933  0.00586572  0.00132623  0.00127989  0.00352451
  0.01030758  0.00769964  0.00343099  0.00815341]
7 68 1625.54 73.7984313965 1625.53 [ 0.00259897  0.00367737  0.00691414  0.01393205  0.00677237  0.00748605
  0.00421116  0.00181431  0.00186563  0.00425422]
7 69 1361.43 79.4710423787 1361.42 [ 0.00285184  0.00399509  0.00246063  0.001946    0.00612438  0.00517929
  0.001798    0.00240019  0.00900233  0.00196001]
7 70 1795.39 86.9518539429 1795.39 [ 0.00409731  0.00338566  0.00828761  0.00149906  0.00258556  0.00485247
  0.00295192  0.00406402  0.01153484  0.00619507]
8 71 1919.41 7.99753417969 1919.41 [ 0.00410137  0.00278306  0.0020248   0.00178841  0.00109679  0.00236982
  0.0048295   0.00334969  0.00513822  0.00419134]
8 72 1957.63 16.1543182373 1957.62 [ 0.00415593  0.02426204  0.0036459   0.00095499  0.00906512  0.00681004
  0.00147247  0.00263822  0.00152573  0.00890326]
8 73 2283.18 25.6675811768 2283.18 [ 0.00409588  0.00389504  0.0104585   0.01187938  0.00183913  0.0016419
  0.00482723  0.00537512  0.00512248  0.01202989]
8 74 2378.04 35.5761006673 2378.04 [ 0.01180306  0.00684837  0.00229293  0.00440311  0.00859755  0.01127273
  0.00322968  0.01224306  0.00533271  0.01005551]
8 75 3465.78 50.0168589274 3465.78 [ 0.00136337  0.00157011  0.00239822  0.00810897  0.0010933   0.01764089
  0.01520735  0.00294667  0.00192377  0.01224664]
8 76 2814.89 61.7455474854 2814.88 [ 0.00953376  0.00542232  0.00183192  0.0079326   0.00218141  0.00606516
  0.0088774   0.00606862  0.00442347  0.00599456]
8 77 1270.31 67.0385035197 1270.3 [ 0.01080212  0.00701988  0.00712568  0.001724    0.00153178  0.00433761
  0.01290351  0.00935045  0.00395569  0.0102877 ]
8 78 1625.33 73.8107259115 1625.33 [ 0.00312176  0.00513518  0.00812152  0.01674131  0.00838321  0.0101757
  0.00516459  0.0022234   0.00257984  0.00518197]
8 79 1360.85 79.4809214274 1360.84 [ 0.00378624  0.00517216  0.00309151  0.00251877  0.00727132  0.00563684
  0.00243676  0.00330138  0.01136377  0.00279135]
8 80 1794.39 86.9575464884 1794.38 [ 0.00523078  0.00406188  0.00946894  0.00214005  0.0032402   0.00567004
  0.00360724  0.00484478  0.01408553  0.00776935]
9 81 1924.27 8.0178120931 1924.27 [ 0.00487414  0.00314638  0.00250685  0.00223717  0.00151765  0.00291002
  0.00554833  0.00377235  0.00673628  0.0045726 ]
9 82 1957.1 16.1724121094 1957.1 [ 0.00502509  0.02703047  0.00433809  0.0012548   0.01063597  0.00814614
  0.00184625  0.00321966  0.00175163  0.01169297]
9 83 2284.8 25.6924143473 2284.79 [ 0.00519401  0.00516528  0.01496601  0.01471823  0.00314862  0.00257328
  0.00607952  0.00728363  0.00633481  0.01565701]
9 84 2375.29 35.5894582113 2375.28 [ 0.0155946   0.00907043  0.00276709  0.00603297  0.01126289  0.01442218
  0.00409088  0.01462051  0.00678563  0.01247251]
9 85 3460.42 50.0078542074 3460.41 [ 0.00181171  0.0018082   0.00301042  0.01004821  0.00158781  0.02158576
  0.0200192   0.00423089  0.00298503  0.0161812 ]
9 86 2816.96 61.7451873779 2816.95 [ 0.01106226  0.00724015  0.00228253  0.01027435  0.00320068  0.00808963
  0.01258141  0.00817734  0.00594044  0.00744531]
9 87 1268.98 67.0326171875 1268.97 [ 0.01307705  0.00834945  0.00872901  0.00233489  0.00192094  0.00565702
  0.01620239  0.01129767  0.00498676  0.01306242]
9 88 1627.03 73.8119059245 1627.02 [ 0.00374386  0.00693184  0.00968531  0.02042177  0.01060271  0.01361135
  0.00649884  0.00282326  0.00356728  0.00651023]
9 89 1362.39 79.4885335286 1362.38 [ 0.00523227  0.00736856  0.00385255  0.00322548  0.00879136  0.00633168
  0.00335714  0.00462866  0.01455009  0.00392383]
9 90 1796.7 86.9748016357 1796.7 [ 0.00681797  0.0053415   0.01176292  0.00291201  0.00409696  0.00673366
  0.00455868  0.00571981  0.01790255  0.01003262]
10 91 1924.19 8.0174428304 1924.18 [ 0.00589281  0.00379482  0.00357875  0.002884    0.00225949  0.00373641
  0.00653449  0.00444734  0.0090636   0.00513202]
10 92 1957.76 16.1747833252 1957.75 [ 0.00588244  0.03070679  0.00566259  0.00164181  0.01307806  0.01025653
  0.0023281   0.00394225  0.00219482  0.01504043]
10 93 2282.34 25.6845326742 2282.33 [ 0.00670183  0.00672394  0.02017608  0.01798815  0.0048807   0.00386167
  0.00757131  0.0094865   0.00809148  0.02009672]
10 94 2374.46 35.5780995687 2374.44 [ 0.01934206  0.01162866  0.00346085  0.00804478  0.01428339  0.01765519
  0.00513956  0.01716581  0.00823474  0.01513061]
10 95 3459.91 49.9944091797 3459.9 [ 0.00244278  0.00221053  0.00375178  0.01203105  0.00234243  0.02638975
  0.02523819  0.00564647  0.00413993  0.02031299]
10 96 2814.99 61.723517863 2814.98 [ 0.01259056  0.00934577  0.00283521  0.01300669  0.0045369   0.01064444
  0.01656419  0.01062962  0.00761852  0.00909859]
10 97 1269.8 67.0143513997 1269.79 [ 0.01464075  0.00994903  0.01073632  0.00317034  0.00239798  0.00732526
  0.01974091  0.01365915  0.00607803  0.01633641]
10 98 1621.32 73.7698338826 1621.31 [ 0.00455779  0.00886381  0.01161364  0.02430168  0.01304132  0.01726893
  0.00828671  0.003537    0.00491053  0.00805876]
10 99 1361.23 79.4416081746 1361.22 [ 0.00686675  0.00976464  0.00470638  0.00403842  0.01074255  0.00734559
  0.00433606  0.00638741  0.01866478  0.00542164]
10 100 1794.63 86.9192433675 1794.62 [ 0.00894094  0.00667551  0.01405513  0.00380763  0.00526702  0.00811374
  0.00553063  0.00661924  0.02132353  0.01290426]
