1 1 1922.05 8.00853474935 1922.05
1 2 1958.39 16.1684773763 1958.38
1 3 2288.31 25.7030914307 2288.31
1 4 2378.46 35.6133575439 2378.46
1 5 3466.79 50.0583302816 3466.79
1 6 2818.45 61.801872762 2818.45
1 7 1272.17 67.1025705973 1272.17
1 8 1625.89 73.877116394 1625.89
1 9 1363.85 79.5598429362 1363.85
1 10 1795.91 87.042787679 1795.9
2 11 1922.62 8.0108988444 1922.61
2 12 1957.71 16.1680206299 1957.71
2 13 2285.15 25.6894632975 2285.14
2 14 2379.45 35.6038319906 2379.45
2 15 3462.41 50.0305308024 3462.41
2 16 2821.45 61.7865773519 2821.45
2 17 1270.44 67.0800837199 1270.44
2 18 1622.9 73.8421788534 1622.9
2 19 1362.69 79.5200556437 1362.69
2 20 1794.69 86.9979405721 1794.69
3 21 1923.77 8.01569112142 1923.76
3 22 1960.21 16.1832163493 1960.2
3 23 2285.19 25.7048431396 2285.19
3 24 2376.55 35.607115682 2376.54
3 25 3464.85 50.0439870199 3464.85
3 26 2816.87 61.780956014 2816.87
3 27 1270.22 67.0735321045 1270.22
3 28 1622.5 73.8339518229 1622.5
3 29 1365.35 79.5229263306 1365.35
3 30 1794.26 86.9990168254 1794.26
4 31 1922.34 8.00974121094 1922.34
4 32 1957.21 16.1647664388 1957.2
4 33 2284.87 25.6850616455 2284.87
4 34 2376.49 35.587117513 2376.49
4 35 3461.81 50.011328125 3461.81
4 36 2819.42 61.7589233398 2819.42
4 37 1271.9 67.0584899902 1271.89
4 38 1626.72 73.8365010579 1626.72
4 39 1362.74 79.5145914714 1362.74
4 40 1795.41 86.9954666138 1795.41
5 41 1924.63 8.01929931641 1924.63
5 42 1957.74 16.1765401204 1957.73
5 43 2286.04 25.7016886393 2286.03
5 44 2378.24 35.6110148112 2378.24
5 45 3460.83 50.0311503092 3460.83
5 46 2819.7 61.779880778 2819.69
5 47 1270.33 67.0729359945 1270.33
5 48 1625.07 73.8440470378 1625.06
5 49 1362.82 79.522446696 1362.81
5 50 1792.1 86.989537557 1792.1
6 51 1920.07 8.00028889974 1920.07
6 52 1956.96 16.1542826335 1956.95
6 53 2286.64 25.6819580078 2286.64
6 54 2376.41 35.5836537679 2376.4
6 55 3463.24 50.0138051351 3463.23
6 56 2816.4 61.7487884521 2816.39
6 57 1271.31 67.0459075928 1271.31
6 58 1624.41 73.8142873128 1624.41
6 59 1361.76 79.4882909139 1361.76
6 60 1792.61 86.9575154622 1792.61
7 61 1924.36 8.0181523641 1924.35
7 62 1957.81 16.1757044474 1957.81
7 63 2285.77 25.6997431437 2285.77
7 64 2374.9 35.595165507 2374.9
7 65 3462.36 50.0216466268 3462.35
7 66 2818.88 61.7669754028 2818.88
7 67 1270.37 67.0601771037 1270.36
7 68 1623.1 73.823080953 1623.09
7 69 1362.33 79.4994389852 1362.32
7 70 1793.16 86.9709498088 1793.16
8 71 1925.53 8.02305806478 1925.53
8 72 1957.44 16.1790664673 1957.44
8 73 2285.71 25.7028376261 2285.7
8 74 2376.19 35.6036137899 2376.18
8 75 3456.91 50.0074122111 3456.91
8 76 2818.35 61.7505193075 2818.34
8 77 1269.76 67.0411727905 1269.75
8 78 1622.86 73.8030863444 1622.86
8 79 1362.2 79.4789199829 1362.2
8 80 1794.66 86.9566614787 1794.65
9 81 1921.14 8.00476888021 1921.14
9 82 1957.99 16.1630421956 1957.98
9 83 2282.19 25.672168986 2282.19
9 84 2375.24 35.5690175374 2375.24
9 85 3461.73 49.9929077148 3461.73
9 86 2813.32 61.7150817871 2813.32
9 87 1269.68 67.0054046631 1269.67
9 88 1620.24 73.7563954671 1620.23
9 89 1360.46 79.4249852498 1360.46
9 90 1791.14 86.8880783081 1791.14
10 91 1919.32 7.99717559814 1919.32
10 92 1957.08 16.1516596476 1957.07
10 93 2283.04 25.6643427531 2283.04
10 94 2375.58 35.5625879924 2375.57
10 95 3461.49 49.9854578654 3461.48
10 96 2816.22 61.7197148641 2816.22
10 97 1268.81 67.0064081828 1268.8
10 98 1626.83 73.7848668416 1626.82
10 99 1361.69 79.4585576375 1361.68
10 100 1793.02 86.9294774373 1793.01
