1 1 1925.86 8.02440490723 1925.86
1 2 1961.9 16.1989735921 1961.89
1 3 2284.0 25.7156504313 2284.0
1 4 2379.18 35.6289113363 2379.18
1 5 3461.88 50.0534159342 3461.88
1 6 2818.6 61.7975738525 2818.6
1 7 1270.23 67.0901875814 1270.22
1 8 1625.53 73.8632334391 1625.53
1 9 1362.67 79.541019694 1362.67
1 10 1795.65 87.0229029338 1795.65
2 11 1924.92 8.02049458822 1924.92
2 12 1960.86 16.1907440186 1960.86
2 13 2286.92 25.7195800781 2286.92
2 14 2375.78 35.6186645508 2375.78
2 15 3466.96 50.0643127441 3466.95
2 16 2819.5 61.8122365316 2819.5
2 17 1271.16 67.1087351481 1271.16
2 18 1627.85 73.8914357503 1627.85
2 19 1362.79 79.5697316488 1362.79
2 20 1797.17 87.0579579671 1797.17
3 21 1923.69 8.01538289388 1923.69
3 22 1957.28 16.1707305908 1957.28
3 23 2285.3 25.6928009033 2285.29
3 24 2378.22 35.6020446777 2378.22
3 25 3463.45 50.0330922445 3463.45
3 26 2821.43 61.7890614827 2821.43
3 27 1270.55 67.0830393473 1270.55
3 28 1628.38 73.8679758708 1628.38
3 29 1361.18 79.5395446777 1361.17
3 30 1797.21 87.0279103597 1797.21
4 31 1923.72 8.01548156738 1923.71
4 32 1960.94 16.1860819499 1960.94
4 33 2285.48 25.7089029948 2285.47
4 34 2377.12 35.6135864258 2377.12
4 35 3463.7 50.0456888835 3463.7
4 36 2816.7 61.781930542 2816.7
4 37 1268.26 67.0663614909 1268.26
4 38 1624.68 73.8358510335 1624.67
4 39 1362.48 79.5128417969 1362.48
4 40 1795.23 86.9929575602 1795.22
5 41 1922.29 8.00955301921 1922.29
5 42 1959.1 16.1724721273 1959.1
5 43 2282.54 25.6830678304 2282.54
5 44 2376.52 35.5852508545 2376.52
5 45 3463.62 50.0170013428 3463.62
5 46 2814.59 61.7444651286 2814.59
5 47 1269.44 67.033799235 1269.44
5 48 1624.42 73.8022247314 1624.42
5 49 1361.6 79.4755772909 1361.6
5 50 1797.38 86.9646433512 1797.37
6 51 1926.08 8.02535298665 1926.08
6 52 1959.36 16.1893544515 1959.36
6 53 2281.83 25.6969960531 2281.83
6 54 2376.42 35.5987609863 2376.42
6 55 3461.78 50.0228271484 3461.77
6 56 2818.06 61.764734904 2818.05
6 57 1268.42 67.0498311361 1268.42
6 58 1624.24 73.8175043742 1624.24
6 59 1363.04 79.4968185425 1363.03
6 60 1796.39 86.9817774455 1796.39
7 61 1921.55 8.00645090739 1921.55
7 62 1958.78 16.1680475871 1958.78
7 63 2281.38 25.6738062541 2281.38
7 64 2375.87 35.5732732137 2375.87
7 65 3461.99 49.9982304891 3461.98
7 66 2816.88 61.7352269491 2816.87
7 67 1269.63 67.0253463745 1269.62
7 68 1625.54 73.7984288534 1625.53
7 69 1361.43 79.471039327 1361.42
7 70 1795.39 86.9518508911 1795.39
8 71 1919.41 7.99753417969 1919.41
8 72 1957.63 16.1543182373 1957.62
8 73 2283.18 25.6675811768 2283.18
8 74 2378.04 35.5761006673 2378.04
8 75 3465.78 50.0168589274 3465.78
8 76 2814.89 61.7455474854 2814.88
8 77 1270.31 67.0385030111 1270.3
8 78 1625.33 73.8107259115 1625.33
8 79 1360.85 79.4809214274 1360.84
8 80 1794.39 86.9575464884 1794.38
9 81 1924.27 8.0178120931 1924.27
9 82 1957.1 16.1724121094 1957.1
9 83 2284.8 25.6924153646 2284.79
9 84 2375.29 35.5894592285 2375.28
9 85 3460.42 50.0078552246 3460.41
9 86 2816.96 61.7451883952 2816.95
9 87 1268.98 67.0326182048 1268.97
9 88 1627.03 73.8119069417 1627.02
9 89 1362.39 79.4885345459 1362.38
9 90 1796.7 86.974802653 1796.7
10 91 1924.19 8.0174428304 1924.18
10 92 1957.76 16.1747833252 1957.75
10 93 2282.34 25.6845326742 2282.33
10 94 2374.46 35.5780995687 2374.44
10 95 3459.91 49.9944061279 3459.9
10 96 2814.99 61.7235148112 2814.98
10 97 1269.8 67.014348348 1269.79
10 98 1621.32 73.7698308309 1621.31
10 99 1361.23 79.4416051229 1361.22
10 100 1794.63 86.9192408244 1794.62
